3.263493188527227
1.2100017283488236
0.995078707878487
0.8585781489950666
0.7797383939833207
0.6968309111806882
0.6271235069182355
0.603931024146164
0.5437967878761005
0.5482900426338989
0.4540015324301275
0.4778299429287981
0.43189261132355394
0.4376715179109915
0.3807346808911838
0.4089900185124841
0.35460579440812096
0.36653127412584224
0.3888365241441304
0.3259636973055815
0.3213155191628498
0.2876004626456482
0.28623656769381306
0.3187774360088319
0.2801196042212601
0.28636305924727856
0.27404270511942425
0.2579076822416885
0.25563202519366535
0.22532865815119155
0.2643033877439917
0.24082121109655003
0.22093619175178505
0.23985983492362567
0.21944329041696603
0.2070312974482047
0.21240482069927968
0.19753221070351948
0.21887103214166861
0.17294823804182677
0.1927052252450065
0.18032887780810797
0.18253714812534905
0.18292946859572506
0.15072363801824434
0.2165359426359151
0.17304698000677904
0.1538588966106132
0.19315645565742015
0.1867879084225329
0.1637221901650438
0.16941820930407506
