0.014270575006323052
0.014877726009999329
0.006863147775645486
0.006069879432868029
0.005509971604710784
0.0050239970933025025
0.004647938801478012
0.0042607111152986234
0.0039942019605301035
0.003705308068426441
0.003512833725902062
0.0033034230989632636
0.0031136723899260867
0.0029948168839381193
0.002895993448240894
0.002755684371986092
0.00263760443543884
0.002560161342279251
0.002550150472354759
0.002474066223757614
0.0022754563538480758
0.0023691432070404254
0.00227224955746766
0.002179617623971754
0.0021744685114134426
0.0020804118125170314
0.0020295020781096688
0.0019706955500068354
0.001957103807608858
0.0018881221686432423
0.0019214305025818605
0.0019445439096021306
0.0018540886184462528
0.0017767547585336612
0.0017908042236396012
0.0017721758099101391
0.0016989487646886488
0.0017856086856350604
0.0017139074178279575
0.0016347505441319712
0.0018153657328250688
0.0016043790379313163
0.001629826502544741
0.0016209550306226608
0.0016529836182836678
0.0015883411051127684
0.0014931059291695972
0.001550982230879278
0.0014637318660105814
0.0015302107928970294
0.0014977731554195676
0.001432010039249005
0.001491029456615022
0.0014799791641710255
0.0014904460996625019
0.001382331646288089
0.001419572837380329
0.0013739679975497934
0.0013629955841334975
0.0014204241146829617
0.0014062032789596251
0.0013503203503774082
0.0013683751757417454
0.0013269548678865985
0.00132060616948424
0.0012891708120522385
0.001337767793228454
0.0012997607263802926
0.001269130100581904
0.0013092475416975646
0.0012900667169047494
0.001406236263385692
0.0012322233985086323
0.0012745943646820675
0.001243948562703409
0.0012562167262872546
0.0011940887571874916
0.0012331042043946829
0.0012104060479046254
0.0012281958712776061
0.001165228708266228
0.0011949889306524034
0.0011673082896997847
0.0011767918692323174
0.0011974287025295514
0.001148266116503946
0.001154028003621246
0.0011393882473452136
0.0011709234603473344
0.001188023553566643
0.0011343897200104315
0.001149371130042526
0.0011097015970702906
0.0011512676709687375
0.0010651090006962133
0.0011802677602601639
0.0010788300729666523
0.0011001150214005725
0.0010599055874373868
0.0011153398148206748
0.0011059167451458103
0.0010664360938441263
0.001077258730601337
0.0010691493216307452
0.0010702589535534286
0.001089608988518019
0.0010382371336028111
0.0011030689707394023
0.0010741595210907783
0.0010525703858745524
0.0010906493732046408
0.001068058678224433
0.0010352636504868372
0.0010691925617365022
0.0009948901588807827
0.0010445560803424095
0.001058489687356989
0.0010208231660839384
0.001063926127824284
0.0010049960574908955
0.0010871001668609766
0.0010000612759442625
0.0010238281733770504
0.0010700320225866026
0.0009676832622524811
0.001007842635271052
0.0010372738156924288
0.000997324367272436
0.0010577422242056631
0.0009619855184475547
0.0010089376204439598
0.0010143359657901866
0.0010363160274038232
0.0009675160736162131
0.0010252935442567346
0.0009944179396009067
0.0010588950785201435
0.0009501693581326079
0.000988779558708356
0.0009707424327296538
0.0010471443987681126
0.0009621832785112395
0.000963856050522622
0.0010213186144543852
0.0009393985361954405
0.0010198706784309774
0.0009364657577292091
0.001022601743002212
0.0009959049373337678
0.000958258148254136
0.0009699123923843898
0.0010068008703813841
0.0009605556536358853
0.000976902971558549
0.000991402552781499
0.0009867952415751236
0.0009808771273261197
0.0009300258277547476
0.0009615546469425607
0.0010137607095706206
0.0009608381442086852
0.0009859684119127507
0.0009306708917341864
0.0009664140315539943
0.0009715578614778148
0.0009702628856013567
0.0009838071448828914
0.0009518179346295483
0.0010863800493403314
0.0009612939479884612
0.0009402433860538896
0.0010036916669377122
0.0009896329394140074
0.0009574740993273332
0.0009588739202720476
0.0009643631329347757
0.000975527181980627
0.0010111012761805033
0.0009650828179496988
0.001061548946782077
0.000980011794634133
0.0009956592305860898
0.0009748296733346248
0.0009733531961009284
0.0010048544064718836
0.0009807475525269252
0.001055874304699612
0.0010660400071392736
0.0009806239208199144
0.0009945732643890496
0.0009664545566319457
0.0010327863167660678
0.0010221751190045696
0.001027375027025534
0.0010083302389345362
0.0010420005242073563
0.001000937592640941
0.0010497023694666333
0.0009920142451948814
0.0010444734466169441
0.0010769613643860213
0.0010384882167358326
0.0010172011887856168
0.001085002333518911
0.0010202166127803117
0.0010319978647300191
0.0010387253426293712
0.0010167392281783818
0.0010498821932188175
0.0010888050743985758
0.0010743475163519452
0.0010909294658379219
0.0010943952718142683
0.0010270108131294447
0.0011428369171078562
0.0011507412568426917
0.001114362787426529
0.0010273158884725958
0.0010831238501058465
0.0011130770817155097
0.0011818858325220267
0.0010681364637840152
0.001087562169970846
0.001204608735189119
0.0011582254642491952
0.0011365300512182546
0.0011083691578501692
0.0011274329073977392
0.0012437633564092397
0.0011914443437085395
0.0011301920086298045
0.0012706751385306216
0.0011794298732350147
0.001160113284682995
0.0012013402891752848
0.0011450712048290048
0.001204173236892274
0.001279320477619445
0.0011663980160980085
0.0013729140310023544
0.0011900156576656407
0.0013208844770595716
0.0012363729760002562
0.001270267125593565
0.0011952510894761347
0.0012990706508180796
0.0012139262794076326
0.001288891585780277
0.0011838000675719613
0.0013217579765772392
0.0012941293397287768
0.0013417180075990871
0.001264421971856671
0.0013805731945372524
0.001303556179798825
0.0014128327830061317
0.0012879365291811197
0.001337935835002827
0.0013808620306866167
0.0013367206077001396
0.0013168076998240255
0.0014164198739680604
0.0014671243271698606
0.0012639831284899804
0.001674666759537953
0.00135949268043614
0.0015048697101660792
0.001387597195365114
0.001530689921606276
0.0013743431608659073
0.0017730032691725855
0.0013905687827865728
0.0014884741626054092
0.0017520898053769878
0.001478969643763642
0.0014795543651412502
0.0015293048828758046
0.00162540049889516
0.0015477027237875344
0.0015717292493661404
0.0015690491873978584
0.001813408528922307
0.0016758078219883167
0.0015447005500300827
0.001801901651873609
0.0016777472545686548
0.0015872987895762599
0.0017625644279653978
0.0016669016588791781
0.00188092048553328
0.001759872619451374
0.0016162653617996924
0.0019442961322742465
0.0016784759862307104
0.0020762525902592636
0.0018379180214850958
0.001734273259575568
0.0018089968445212047
0.0016605368863026732
0.0018646463652724587
0.0019075465809164887
0.0016375065882458686
0.0020001445333097064
0.0018621787347423812
0.0019890567453992067
0.0016933428988393584
0.001956390319947761
0.0019002794222651791
0.002016273974852903
0.0020096130833379307
0.0021834433311964333
0.0019105720745644043
0.0018724568942411418
0.001976664943146163
0.0018422018045333305
0.002271339916865533
0.0019488908934478216
0.0020001750286718126
0.0019174818269840444
0.0020147371636021496
0.00215724733910792
0.0019420937002730424
0.002190443812408486
0.002071375807816924
0.0020173247558015845
0.0022561932154137377
0.002237510621579161
0.0021440803225930903
0.001998180714217347
0.0023161368693838777
0.001809776028768541
0.0022952668430964904
0.0017558023619490175
0.0023467132352948546
0.0020996824908906158
0.0020597427554958168
0.002185144361207891
0.002169833589280153
0.002063320547339408
0.002324398976740044
0.0023132906846174335
0.002276763904092325
0.002344302014877107
0.002309813326513764
0.0021092811537368307
0.002211017221993667
0.0026869125331340947
0.002270236435508061
0.002129003242779994
0.0024441277233781247
0.0022573031333282152
0.002279709682579556
0.002382777200701208
0.002380450965585038
0.002246525157284947
0.0033081568893446526
0.0017515938070025046
0.0024006735623001304
0.0024970520841173884
0.002169208886439388
0.0023787317368146447
0.0023846140034697837
0.002422890993023651
0.0020987545511690284
0.0024816852795406653
0.0023108607785294797
0.0020131941789793325
0.0023471216240677625
0.0023550902744156536
0.002195995755695118
0.0022868745338357607
0.0026234169688314638
0.002223308283716134
0.002443802109893732
0.0024577717955955054
0.0021156314616182464
0.002481427444582138
0.002180270246973015
0.0020434955331538416
0.002538509437920999
0.0021769475132234948
0.002496632273748413
0.0020220146942076366
0.0025968497135266987
0.0021528443117131302
0.002810216221607566
0.0023086424477661376
0.0022289751477329272
0.002354198022703783
0.002321023740838575
0.0020210685697203113
0.0025215038403988846
0.002177396264456902
0.002552611620949257
0.0025130023593555495
0.0022703609645771308
0.0023201526371032
0.002356499281373245
0.002465663044007437
0.0020199841179602317
0.002423461457376902
0.0020615178922859887
0.002210879860008918
0.002559451485049571
0.0022376043630709763
0.00256002665350429
0.0021495739713772613
0.0024505123381706835
0.0020500591527543265
0.0023677180716811246
0.0024190245469566355
0.001908010888295911
0.002644435827617682
0.0022588543724529732
0.002679849071005235
0.002339017969503061
0.002165639636298695
0.0021372597594122387
0.002386357416079335
0.0021646033294962946
0.002233504795354565
0.001959115048866258
0.0028471712842265498
0.0021149017419463973
0.002064190407743987
0.002316628222183095
0.0020110630943464586
0.002217307654226346
0.002463366754924693
0.002046733576553453
0.0027826734859535307
0.0019483911131867448
0.002431742489175608
0.0023312555302571767
0.001996939137644225
0.0021885577813921912
0.002079855565435516
0.0023374575061043345
0.0020374128685524367
0.0019545677520710794
0.002087091900653183
0.0022362380164914525
0.002032559600274673
0.002155538270032473
0.002026530910723486
0.0020490972789285137
0.002170789102441028
0.002044558585802582
0.0018041101311393017
0.002324734071377526
0.0025196029673484653
0.0022148334023506296
0.0018390647267814537
0.0024589622390042997
0.002000162854244268
0.0026268148354404146
0.0019033311033008061
0.0022067931387019578
0.0018849683923428395
0.0022858326837498734
0.0021987970678979986
0.001821460229005855
0.001988844122888521
0.0017679581106765823
0.0021893936243544128
0.002091357935369855
0.002600511509570191
0.0017718297051692866
0.0017907693343861327
0.001995613799981181
0.002438541256118336
0.0020418378769371044
0.0018303690577002646
0.0020735104989308257
0.0017153150971433407
0.0025913771382511668
0.0019939425784079763
0.0016993298904150465
0.0019792737111811254
0.0020168387561975134
0.0019924334526632962
0.0020457294407907325
0.0018378830423067419
0.00184638210478733
0.0018886238405225225
0.002160122921043186
0.001937243115315063
0.001854993426357702
0.002277004923126575
0.0017218096768164583
0.0026002270025854003
0.0015495423242165042
0.002074469295390116
0.0017823740719732403
0.0018709499444774388
0.0015693466627322526
0.0020574138163076136
0.0019918755332134176
0.001719601732762923
0.001923979486468092
0.0018933820725088317
0.0021548848261936644
0.0016881944168144851
0.0019036378122691525
0.0018020052304176329
0.002352553649533459
0.0017470598997207348
0.0019319134935103252
0.0015347460061367732
0.0027495808069621817
0.0014920722158036752
0.0016566950452353152
0.002026705569143505
0.001731431987150999
0.0017557867003695736
0.0017307418016203296
0.0018258286707018999
0.0019114334807927168
0.0023424634340006886
0.0014743151175277125
0.001990429026164692
0.0015921644853218603
0.0018943970922637172
0.0016189363124924905
0.0020045232810394693
0.0017508718821444148
0.001714062273073689
0.001861540948400421
0.0015748349344647447
0.0017664471507971308
0.0019118280958679691
0.001753639522024251
0.0018309940529250856
0.0014891585265480402
0.002055112750283303
0.0017491142412750492
0.0017658843080034699
0.001517020704803289
0.0020372038161467917
0.0014812703840368035
0.0019443755785976651
0.001470193924349577
0.0019400561461270062
0.0015379459211863897
0.0021491987116595856
0.0021630305528753144
0.0014679662579440893
0.0016525502515263358
0.001826428844079647
0.0020386981498325173
0.0018419497020423603
0.001396387071287607
0.001776536663945642
0.0015844568205781039
0.0017696199967520817
0.002095620055952314
0.0013498948633192873
0.002126821581425482
0.0024881237236907172
0.001246455904079181
0.0015659148685408287
0.01858058699982742
0.0066871702657197545
0.005835692831715375
0.005255212382528845
0.004875345681916886
0.004534877510986375
0.004235993739692894
0.004062867937225235
0.0039059257027334966
0.0036650187186597055
0.0035113415613680725
0.0034286962459488058
0.0033315034478792753
0.003157960696322352
0.003079559131454332
0.00295782674028238
0.002960165935647767
0.0028828021294125907
0.002723574506450036
0.0026817848632534934
0.002626396180779297
0.002578864917041573
0.002593992270873642
0.0024808880567810084
0.002412357684796897
0.002402795052667624
0.0023332542103573894
0.002287516355123604
0.0022974714161609878
0.002183267136112014
0.0021927226339393162
0.0021769155381871695
0.002099457446562693
0.0021220522271992908
0.0021066816295948225
0.002083743589766606
0.0020869530669715575
0.0019721391664439623
0.0020383394586819177
0.0019009085768035769
0.0019254620557764375
0.0019339767310742907
0.0018667833226568066
0.001870184591067557
0.001784503499551442
0.001811960943288946
0.0018344001771063044
0.0017727911093670956
0.0017726365659281765
0.0017608840257396542
0.001733121202112571
0.0017070766334068392
0.0017380256937315432
0.0016416589546856934
0.0016991570413008182
0.0016362837869981382
0.0016428476222486946
0.0016202255123299912
0.0015795244414608695
0.0016383641850382916
0.0016217999495726355
0.0015662723629769365
0.0015321893179375214
0.0015669741983260796
0.0015355298679884122
0.0015441137582397394
0.0015205747147173571
0.0014498982149214344
0.0015726625196622566
0.0015152605132401698
0.001447718467573343
0.0014853614337091928
0.0014282969782598517
0.001469235964684756
0.00145094160601245
0.0014175896532521769
0.001445269391443255
0.0014156333004021588
0.0014785723760209466
0.0013736423617569803
0.0013721419566307114
0.0014121665506222675
0.0014185723405414875
0.0014031526860902386
0.0013878863604158303
0.001358539149793617
0.0014002892017413496
0.0013248222054535568
0.0013605583079058917
0.0013127547722213762
0.0013094148522376466
0.0013051454595420025
0.001290239220179048
0.0013309934317605526
0.0013230575385327328
0.0013357457152206468
0.0012997828716995645
0.0012526684791642144
0.001297852283738797
0.0013228790985922965
0.0013083319231250424
0.0012496971534925584
0.001290388224000797
0.0012462309601554194
0.0012590737233438105
0.001278164298878193
0.0012698592346981547
0.0012562490787949583
0.0012034718685233039
0.00123490784399186
0.0012186088817519362
0.001198130295519057
0.001284466243533868
0.0011992972861378105
0.0011974720732842476
0.0012726118010395878
0.0011823010080150766
0.0011925441249981022
0.0012409811056433998
0.0011812439484882981
0.0011585366015828423
0.0012371114425378256
0.001202856869017419
0.0011755793939675458
0.0012073750718668958
0.001220325046116979
0.0011915826361445685
0.001152497348776149
0.0011570987437906793
0.0011495475400910716
0.0011871744361984752
0.0011546741159198844
0.001184782143733392
0.0011326743368134534
0.0011781720122530498
0.001155322269597746
0.001184873777574864
0.0011429895535314237
0.0011544099093347767
0.001128054211669473
0.001153024174126929
0.0011507977219560469
0.0011569834849208369
0.0011191827720651774
0.001191377515335602
0.0011233980227714567
0.0011825642023962919
0.001133224340276315
0.0011090715023466269
0.001159224858048878
0.001121066628317429
0.0011233863794409388
0.001146203076646968
0.0011757497792583948
0.0011567906694284233
0.0011218969142172352
0.0011362830032589795
0.0011028664966321274
0.0011242796609256661
0.0012772103666488293
0.0010880553347021402
0.001182383873165006
0.0011014208217561155
0.0011551053951913532
0.001166165841504656
0.0011009033307196664
0.001197212031686938
0.0011399271338792128
0.001141998125718691
0.001103929604579971
0.001159131166781489
0.0011550359992943294
0.001210140149794703
0.001120451274393701
0.0011025041875490059
0.001090638035712291
0.0011428438861707437
0.0011292565714749994
0.0012068889031018157
0.0010917266074722016
0.001161024213982185
0.0011554723467140187
0.0010852967241264206
0.0011930233939234356
0.0011816529864166
0.0011178243648256733
0.001212271603142831
0.0011385533596306768
0.001160068054803382
0.0011673971572633962
0.001128788973303539
0.0012130126738576163
0.0011526411618997705
0.0011395310450949615
0.0012029518014752536
0.0011915074521484186
0.0011511548781509083
0.0011695041717778153
0.0012285289483219921
0.0011729617943827594
0.001237802463570184
0.0011419864802317992
0.0011727350153480985
0.0011966929688716987
0.0011582319926136
0.0012833851767608982
0.0012057183596651244
0.0011744958606243138
0.0011714193842512679
0.0012550151806113377
0.0012488319627968739
0.0012566319190058766
0.0012680436955079233
0.001215659409117831
0.001220421185225518
0.0012814830904122887
0.0011990252265523045
0.0013188123735701463
0.0013190032763904305
0.0012466859392695074
0.00128074070771247
0.0012225206542971585
0.001213682251248858
0.001311176920892266
0.001335275522113054
0.0012510130514046037
0.0014066911520750293
0.0013196387793416124
0.0013645989269503041
0.0013451049984906129
0.0013750472734573888
0.0013090593513108086
0.0013460562053194715
0.0013943008616964898
0.0014256048392687504
0.0013014856952640345
0.0015278457602787687
0.0013100692111813871
0.0013887922023766376
0.0015190887060357536
0.001338764761893866
0.0014411566029362338
0.0013362590060570121
0.001422230161665465
0.0014539163517454056
0.0014687998502363236
0.0013618435801146904
0.0016277292987348076
0.001419363415325772
0.001459930165634964
0.0015471920723523816
0.001432641903727435
0.001512158743475147
0.0015515442975087702
0.0015326804012972504
0.0015965581762598983
0.0015955628458801632
0.0015465504923041864
0.0015907839346548836
0.0015013246789633394
0.0015123047055801177
0.0016197280498455968
0.0017894521976859958
0.001484591766772708
0.0015680890877229937
0.001748106244414803
0.001658171125884288
0.0015823735854471497
0.0017267899981511727
0.0017266534228171772
0.0016918084009298396
0.001684150883640207
0.0017293109747632451
0.001656226277526048
0.0017722671201252885
0.0018038796863143922
0.001697028843353229
0.0019158063119440473
0.001871220068505876
0.0018665559067030581
0.0019544331062715608
0.0017041015655288147
0.001997645985473925
0.0019185582959600845
0.0018865043797707832
0.001945622561697926
0.0018698475089382036
0.0020439160532958137
0.001805482306808102
0.0019098139692480343
0.0018990326740146017
0.0019819299918694827
0.001935719961405891
0.0019819884296015658
0.0022377665160628335
0.0020363048547703973
0.0020019236530591194
0.0021866818528920155
0.001998251552051967
0.0019516506713757428
0.0024357018942889296
0.00218147529183691
0.0018616591830396551
0.0023942590099180375
0.0022125563022212464
0.00210857933436549
0.002472819560745321
0.002002062342976204
0.002247740739244763
0.0021469359713281997
0.0022511076067783424
0.0022714310378421864
0.002493805715829207
0.002330795157388625
0.0024580102993657146
0.002117665265263989
0.002566591346795574
0.002458513383765161
0.0021601761031755425
0.002512837093926334
0.0022172421615187874
0.0027120812191528125
0.002242054707957681
0.0025686639147231697
0.0024396985048295854
0.0028506205899456612
0.0025653124997419012
0.002739137705009064
0.0024164427564864885
0.002257221010073036
0.0026292963601197068
0.002645058055944176
0.002544170504142723
0.0025167582990322395
0.0028646598594065683
0.002757200900377502
0.002288023409524795
0.0027647072453774626
0.002505933916057837
0.002600219839294056
0.00274379588819893
0.002461152096728963
0.002676611047396625
0.002853980227608224
0.0025719556778110247
0.002655285048319131
0.0027970462221673397
0.0026428365376199607
0.0027956661260014172
0.0024404188714102788
0.0027156881939844448
0.0029200606592266337
0.002957804553682719
0.002938593658496658
0.002341787782245909
0.002845882076648823
0.002794977838290929
0.002745548232159216
0.0028712289190509555
0.003365822927083896
0.0027564565416778024
0.0026637032441040125
0.002808655180068405
0.0029724643574723262
0.0027226607216116355
0.0026867851601575354
0.003025368751071712
0.0029480867440884384
0.0027044732760768773
0.0028226010804258896
0.0031517743133926035
0.0026053542774629635
0.002819419867207924
0.0029701840213784657
0.0029180655277455947
0.002920924196623842
0.0028109986825660483
0.002684523580383147
0.0031541043384599276
0.003470772990998668
0.002584936484528801
0.0027727923042643607
0.0029698927380061493
0.0027598565627992033
0.002538655446289349
0.0033945565300766045
0.0027236209354709277
0.0027542239052920545
0.0027919706577734993
0.0028488676607697065
0.00269948045278999
0.0027262451171570674
0.003377725938848657
0.002373699349515059
0.002838341319884161
0.002868818636080099
0.00284761647666567
0.003074079635391978
0.0028477518438248884
0.002851333052109356
0.0027723535567577206
0.0034109548164671906
0.0023517204720200145
0.0028310709066083693
0.0028453619817522028
0.0027940981524536457
0.0028231001404647386
0.0031488558748684913
0.002514671584169489
0.0029462866458846745
0.0028705806148929297
0.0026305001651579212
0.0031856276138633797
0.002551878263418724
0.003121084317178579
0.002317474869406631
0.0031037800873848736
0.002767972379002128
0.003261070649364828
0.0028119285182124005
0.0028520262825167215
0.002168204435241975
0.002863764068791583
0.003273106580817032
0.002289063529242085
0.0028238741923477385
0.0028840844438501423
0.002764733320055132
0.002872251085352247
0.002705269473129699
0.003021813715994755
0.0023258576804428216
0.0029253137650756362
0.0025597456400281797
0.002893140160641415
0.0023947033913022035
0.00301205741869839
0.0030220609832381576
0.002639937782358701
0.003231988720927871
0.0022987530831325874
0.0027205923633727767
0.003145424934689817
0.0023239666144984268
0.002877015013744292
0.0025108351827439687
0.0025660087814727986
0.0028504877387667735
0.0023313437768659262
0.003307799430580081
0.002394452775379321
0.0026607754479974336
0.002437958191609312
0.0026072626645775782
0.0026782948833294637
0.0023551786291045314
0.0029480058004998557
0.002336529732341712
0.002392104047055187
0.0022313904263363245
0.0031763911867154914
0.0030918155453363264
0.0019336142283632631
0.0025097133765267735
0.0026013238268865983
0.0026038580490809365
0.002322180153528941
0.002706487473896389
0.002575004631753038
0.0028047279128680415
0.0028828315272264025
0.0024091707795974382
0.0023650875561495935
0.0026039242667067267
0.002270462304504359
0.002291087387626826
0.0026551698454389257
0.002218031604008319
0.002810259859847913
0.002554082048633434
0.0024836982017070156
0.0024687796868227848
0.002306052320003079
0.0022880108185655505
0.0028382186367797084
0.002866193944101947
0.0023043201679067036
0.002936641322533478
0.002916053564851196
0.0027909731700794665
0.0018775527051022567
0.0027889494849996053
0.002717390894702823
0.0025514979870375804
0.0023599450659503004
0.0026303538838442506
0.002435676591503142
0.0021150549228348193
0.002675696498526427
0.001955460070777611
0.0029903350820305362
